image_width: 1920
image_height: 1080
camera_name: camerav2_1920x1080
camera_matrix:
  rows: 3
  cols: 3
  data: [2544.959259, 0.000000, 974.338686, 0.000000, 2557.029946, 564.172834, 0.000000, 0.000000, 1.000000]
distortion_model: plumb_bob
distortion_coefficients:
  rows: 1
  cols: 5
  data: [0.121562, -0.068164, 0.002042, 0.000096, 0.000000]
rectification_matrix:
  rows: 3
  cols: 3
  data: [1.000000, 0.000000, 0.000000, 0.000000, 1.000000, 0.000000, 0.000000, 0.000000, 1.000000]
projection_matrix:
  rows: 3
  cols: 4
  data: [2596.027832, 0.000000, 974.082493, 0.000000, 0.000000, 2607.848145, 565.367111, 0.000000, 0.000000, 0.000000, 1.000000, 0.000000]
