image_width: 640
image_height: 480
camera_name: narrow_stereo
camera_matrix:
  rows: 3
  cols: 3
  data: [630.534231, 0.000000, 306.521745, 0.000000, 632.465590, 226.653271, 0.000000, 0.000000, 1.000000]
distortion_model: plumb_bob
distortion_coefficients:
  rows: 1
  cols: 5
  data: [0.045444, -0.230434, -0.006800, -0.003150, 0.000000]
rectification_matrix:
  rows: 3
  cols: 3
  data: [1.000000, 0.000000, 0.000000, 0.000000, 1.000000, 0.000000, 0.000000, 0.000000, 1.000000]
projection_matrix:
  rows: 3
  cols: 4
  data: [628.071533, 0.000000, 304.342693, 0.000000, 0.000000, 633.268616, 224.591540, 0.000000, 0.000000, 0.000000, 1.000000, 0.000000]
