image_width: 1920
image_height: 1080
camera_name: right_camera
camera_matrix:
  rows: 3
  cols: 3
  data: [1402.975978, 0.000000, 942.052831, 0.000000, 1404.635987, 588.893699, 0.000000, 0.000000, 1.000000]
distortion_model: plumb_bob
distortion_coefficients:
  rows: 1
  cols: 5
  data: [-0.029011, 0.016153, -0.003869, -0.002434, 0.000000]
rectification_matrix:
  rows: 3
  cols: 3
  data: [0.999677, -0.002921, 0.025249, 0.003034, 0.999986, -0.004437, -0.025236, 0.004512, 0.999671]
projection_matrix:
  rows: 3
  cols: 4
  data: [1514.892122, 0.000000, 885.516762, -78.674847, 0.000000, 1514.892122, 560.425369, 0.000000, 0.000000, 0.000000, 1.000000, 0.000000]
