image_width: 1920
image_height: 1080
camera_name: left_camera
camera_matrix:
  rows: 3
  cols: 3
  data: [1406.501174, 0.000000, 930.406124, 0.000000, 1408.945153, 541.156597, 0.000000, 0.000000, 1.000000]
distortion_model: plumb_bob
distortion_coefficients:
  rows: 1
  cols: 5
  data: [-0.028294, 0.013626, -0.002976, -0.002485, 0.000000]
rectification_matrix:
  rows: 3
  cols: 3
  data: [0.999822, 0.001062, 0.018826, -0.001147, 0.999989, 0.004464, -0.018821, -0.004485, 0.999813]
projection_matrix:
  rows: 3
  cols: 4
  data: [1514.892122, 0.000000, 885.516762, 0.000000, 0.000000, 1514.892122, 560.425369, 0.000000, 0.000000, 0.000000, 1.000000, 0.000000]
