image_width: 1920
image_height: 1080
camera_name: lifecam_left
camera_matrix:
  rows: 3
  cols: 3
  data: [1545.822852, 0.000000, 795.655372, 0.000000, 1574.748124, 688.241070, 0.000000, 0.000000, 1.000000]
distortion_model: plumb_bob
distortion_coefficients:
  rows: 1
  cols: 5
  data: [0.040224, 0.033512, 0.015643, -0.044170, 0.000000]
rectification_matrix:
  rows: 3
  cols: 3
  data: [1.000000, 0.000000, 0.000000, 0.000000, 1.000000, 0.000000, 0.000000, 0.000000, 1.000000]
projection_matrix:
  rows: 3
  cols: 4
  data: [1542.860229, 0.000000, 729.562235, 0.000000, 0.000000, 1655.976318, 699.069837, 0.000000, 0.000000, 0.000000, 1.000000, 0.000000]
