image_width: 640
image_height: 480
camera_name: pseye
camera_matrix:
  rows: 3
  cols: 3
  data: [712.872633, 0.000000, 277.593680, 0.000000, 729.991836, 275.266024, 0.000000, 0.000000, 1.000000]
distortion_model: plumb_bob
distortion_coefficients:
  rows: 1
  cols: 5
  data: [-0.092755, 0.211783, -0.011169, -0.014137, 0.000000]
rectification_matrix:
  rows: 3
  cols: 3
  data: [1.000000, 0.000000, 0.000000, 0.000000, 1.000000, 0.000000, 0.000000, 0.000000, 1.000000]
projection_matrix:
  rows: 3
  cols: 4
  data: [710.833313, 0.000000, 271.307181, 0.000000, 0.000000, 733.275024, 271.535147, 0.000000, 0.000000, 0.000000, 1.000000, 0.000000]
